-60.203 -5.929 -17.390 -92.427 93.714 -45.588 36.355 64.987 55.559 -89.844
83.455 20.948 -69.336 -48.500 70.517 77.129 -43.679 26.331 -44.989 -88.069 -32.331
5.796 44.341 54.050 60.406 95.936 -85.660 19.100 86.588 64.179 -58.491 16.653
-94.586 43.817 -81.369 71.138 -55.572 -74.328 -76.357 -94.173 -17.332 -42.329 27.934 -58.764 69.818 -38.562 -85.981 63.365 -81.392 -4.609
-31.253 -2.643 94.702 83.178 9.149 88.752 74.086 -7.174 13.917 0.507 -68.987 -62.558 16.680 -5.548 16.144
37.452 -72.838 -90.126 56.617 7.009 -47.547 -10.493 -69.774 -92.694 88.971 6.694 -49.603
-7.895 52.155 -57.055 42.121 82.673 21.940 19.993 -23.888 53.751 13.410 -18.058 8.361
88.902 0.434 54.636 95.921 8.560 80.552 18.051 38.862 -54.798 83.716 81.914 43.527 -99.455 -98.701 -15.425 52.012 -29.069 -34.638
-51.961 -76.989 49.256 -93.178 -5.237 12.139 94.165 -12.824 72.728 31.518 -61.666 87.240 -68.198 3.062 -93.587 34.667 95.107 38.621 4.127
-79.158 -99.839 15.797 19.569 36.223 42.017 -14.295 18.004 79.454 -35.518 18.724 -65.757 -4.233 -74.683 -41.029 -34.363 64.686 37.226
77.615 47.392 -60.423 -64.321 -80.695 -64.188 44.562 37.993 75.188 -68.011 50.967 37.044 -72.004 -81.384 72.798
27.190 -89.798 61.584 -46.623 -23.952 -33.371 63.213 -33.895 -24.782 61.194
68.305 -94.858 -3.978 -73.274 -88.636 -52.848 61.331 27.189 40.128 24.705 -40.995 -42.503 -53.832 6.630
5.681 -28.971 33.662 29.592 -53.636 -50.476 100.455 -22.734 93.244 -47.363 -40.598 23.914 68.139 -22.779 -64.043 69.213
-99.500 76.152 44.074 90.234 97.522 -89.745 -52.163 -14.198 -78.861 -44.926 9.327 -25.260 -16.325 84.322 -97.922 -28.722 -66.789 -57.474 97.981
58.782 -7.320 44.778 -21.780 -63.050 -26.383 -36.092 37.172 -47.580 -50.777 -6.702 -25.986 9.357 -3.707 -92.625 -27.817 -49.864 -92.058
72.835 -93.456 54.960 -10.022 -38.758 -67.199 -8.824 24.879 -26.533 71.053 -98.666 -26.896 -41.978 -43.123 -10.991 -77.262
-46.721 -23.030 48.865 91.632 -74.266 89.998 -4.084 -71.403 -78.827 36.508 3.904 42.100
-92.851 -16.207 -52.913 25.508 -9.324 -89.997 -51.645 87.091 13.923 -5.387 15.432 52.083 97.234
78.235 62.491 59.443 -85.966 -66.176 72.901 -47.890 83.376 79.752 50.349 61.481 -3.795 -56.794 84.619

